7.97011443665744 58.2879579766678
10.3635937555974 59.5807827815661
11.3549386366019 59.092813891879
13.1194943751795 56.6101989774026
12.9501373538644 56.1032368590563
13.3084711962286 55.4978098447664
13.8243084309019 55.504021915794
14.1286878239976 56.0723193101487
15.7714373058931 56.3267286098202
16.2890457724869 57.6287644165871
16.7379849400116 58.7055233947085
18.1285382461596 59.1968482308129
18.7262608950006 59.7997047329534
17.8931006493515 60.2855315291827
17.1347408901883 60.6634682182541
17.077788971516 61.946296587016
18.0794887468246 63.090745718404
20.204830802733 63.8601142853309
23.055151708535 63.7649339326893
21.5558720121944 62.6102741558192
21.7963508075453 61.5755716125859
21.6705933411947 60.8173419316395
23.211020117533 60.1075235628395
27.0649482791733 60.6401908026794
28.57049541154 60.7183058107738
29.1172610805163 60.3996337073683
29.2817131518979 59.8750350195527
28.1287774203063 59.4065591803316
26.5608284248967 59.3854238582147
24.2005937666171 59.1686440002852
23.7557420573703 58.9967767018542
24.00385077484 58.3650019380334
24.7740641630091 58.3979901772835
24.738912021819 57.2536838521261
23.9738760808019 56.9019521063551
23.2877280845486 56.9712845312726
22.4200969407557 57.560360232168
21.3226143931345 56.804701063371
21.3779313284957 54.9372239868598
20.0916082084347 54.86175089403
19.5705935266093 54.2782446361249
18.635110575403 54.3009508267776
18.1978887882749 54.6845997650698
16.4979148904885 54.2922396467159
14.522718801989 53.7717823395854
12.7355457942736 54.364213986898
11.3567098685224 53.850468572602
10.4988886245965 53.8935960542191
10.2999656550711 54.1355812118353
9.84217032794422 54.3393657027875
9.34908661101796 55.6079134484974
10.2022754022289 56.1929191718229
10.7769720361042 56.3482209475135
10.2852508052706 56.5024516764752
10.4326718004942 57.6566830346538
8.47477928537114 56.9467218596232
8.22980428591455 55.7112337562787
8.84810047475438 54.9185163706617
8.89156378110959 54.4316899308187
9.01364253501009 54.0682480741451
7.69380225707014 54.0529678074795
7.65837761866151 58.2314067093819
7.97011443665744 58.2879579766678
